1460397379 1
1460397496 468902
1460414162 477059
1460493544 476387
1460499422 311886
1466462361 115826
1466462475 229786
1466630111 185636
1466630621 184933
1466634213 183762
1466635438 183762
1466708734 490785
1466709619 490786
1466709722 492382
1466712670 492386
1466755502 492414
1466806391 512008
1466955276 512037
1466956278 512060
1466961229 512242
1466968482 512297
1466968938 512295
1466979415 512697
1467019789 512746
1467022042 512788
1467025575 512795
1467026277 512802
1467028166 513080
1467034466 513206
1467037964 513234
1467129489 513500
1467189611 513356
1467194454 513201
1467703269 513707
1467724312 513835
1467725203 513835
1467725933 513835
1467785705 513895
1467790828 513900
1467798284 513932
1467807134 513915
1467882330 514109
1467882466 514109
1467886908 514130
1467888128 514131
1467888184 514175
1467903294 514248
1467984722 518694
1467998513 518708
1468059460 518774
1468316466 519099
1468330155 519177
1468333928 519213
1468410562 519437
1468448674 519518
1468483362 519518
1468485400 519522
1468485747 519537
1468486040 519553
1468486086 519553
1468487247 519553
1468826384 519627
1468854444 519813
1468862491 519819
1469022185 519896
1469022454 519896
1469025794 519981
1469026750 519981
1469084624 520018
1469085570 520018
1469090021 520049
1469093760 520052
1469097433 520052
